(119.8635790178589, 788.6460634613053)
(156.9238657678633, 287.4499906206812)
(160.34033338741966, 577.9314981679894)
(167.59852924936456, 347.50310363284177)
(169.99934053603863, 527.648477105983)
(180.63644946064557, 316.1265674798044)
(184.71139972299545, 292.0047424867522)
(189.35996203888146, 441.93465235219065)
(189.9563952802406, 304.9096710284639)
(194.64039571291184, 647.5660624865457)
(194.6673287204286, 316.5005787321716)
(200.30664043638959, 778.1894204582636)
(205.2612692234892, 345.9063479423689)
(205.48178991585053, 484.55003552938007)
(206.59582307128395, 345.8497679789309)
(207.93106950164855, 349.1350443116494)
(212.80007422137942, 316.9839305398595)
(216.68172966908512, 470.9461283145954)
(225.7137941854818, 542.9789770257673)
(225.73643128193945, 459.9479155283832)
(226.42960274705632, 317.3472432687827)
(228.79546538443913, 317.4103084004507)
(229.118179812287, 455.840304751522)
(232.05236537795545, 501.2328286566884)
(234.32343282234294, 502.6587574404634)
(234.79241950512326, 448.94813997237674)
(234.90734418276787, 317.5732284428341)
(235.29861735724307, 322.73489166689)
(235.6702753586396, 496.35129331789165)
(236.10338106440753, 418.4509595692014)
(236.58277021283544, 492.07794405859573)
(236.8782990572786, 323.69449878840044)
(236.96200053919503, 490.3019519784218)
(237.02425131421464, 324.1477883252666)
(237.84448890348324, 493.41769344672025)
(239.2127216289309, 330.9446047378952)
(240.5803667612769, 489.72625708795107)
(241.75026326884546, 467.8778047133958)
(242.4183037388435, 712.221838712287)
(242.5783367985835, 463.9998130856323)
(243.11072087963672, 461.506579169881)
(243.50806903616382, 344.28483035535254)
(243.9684959356698, 437.8025003432996)
(252.739904264007, 473.3197648479819)
(254.35590679139727, 471.13934203836055)
(256.3979004370113, 468.38414243530724)
(256.458762144067, 340.0601753629399)
(257.654129611064, 421.17936711244226)
(258.55138224153546, 473.68262715277706)
(259.8310871255366, 476.83124756670713)
(260.72692439399566, 343.55481694435434)
(262.56845637347686, 415.2102238159624)
(262.896373702583, 343.462840616263)
(263.44330514750146, 740.674063650354)
(263.5844893541795, 486.0662196501493)
(264.23253486686605, 521.4377019440916)
(264.8256287066946, 522.0674755337994)
(265.04703392848234, 521.9490991987996)
(265.0583011069057, 607.3923592494799)
(265.2832214507032, 411.91275855862847)
(267.40040083374265, 168.3718877556135)
(268.6561035404284, 422.5722592708946)
(268.71793730362185, 422.5800876628207)
(268.74413730208926, 794.9259520447586)
(268.75324088382223, 422.6897313494253)
(268.9948372978566, 343.2042891551748)
(271.5855631052684, 529.2454764950131)
(273.4530783460742, 527.2269788682729)
(273.698902784958, 754.5525203117202)
(273.8331661324661, 438.46665053938756)
(274.858213751677, 484.27253014116405)
(275.2680953285357, 442.92316532289743)
(275.77909205170687, 484.12601513976995)
(275.82615471110404, 516.1859432873671)
(278.43778118699186, 768.0332996960415)
(279.1201727076005, 435.2268770729577)
(280.09679615483026, 436.4079469095369)
(280.1501586412243, 763.2827258031655)
(281.2068938327121, 487.41633292084043)
(282.51302385802796, 433.14780473277966)
(283.20291495808584, 767.4138888751775)
(283.69284191117794, 753.4544145208766)
(287.19526282137787, 772.8165605435189)
(287.9131639792665, 482.1954412894312)
(288.4899639487344, 425.0833021811885)
(289.4721119732452, 447.7458916956702)
(291.18518498262756, 492.35748274302665)
(291.34482571674647, 507.8887433257584)
(291.62833087875583, 493.733777993522)
(294.4435017448905, 425.837042933944)
(294.5182044533341, 765.9430355704744)
(294.9361675320983, 504.0070534885324)
(295.0743832057581, 721.8791021964353)
(295.47499492174904, 505.6805104328306)
(297.06597108377423, 373.3081243761849)
(297.90125146864455, 615.3098999009462)
(298.6350116538947, 594.8762787117242)
(299.83709217784383, 498.7099054117104)
(300.5583822300579, 706.6650835062201)
(301.1492982691576, 497.29161182928794)
(301.53855415588004, 426.7353038215379)
(303.8262887174311, 365.09676468523827)
(303.90278360050866, 501.1745158230844)
(304.2288223703823, 364.6078307636076)
(305.5955580836764, 402.0032469264572)
(306.1873360440077, 418.64065264849)
(306.34916674464887, 499.8665346098568)
(306.72210078761276, 602.8949722877869)
(309.36983210913587, 802.8244459660729)
(309.75067930006975, 550.0170523688159)
(311.022641355476, 750.4514933850417)
(312.49351168351455, 407.66007897000736)
(313.12136967250717, 370.00977453449264)
(314.0405432959213, 669.2621136056691)
(314.46511562385007, 477.9709316749735)
(315.6098407363625, 388.49128147602266)
(316.61704643008966, 480.57334775751224)
(317.3854137602781, 587.8868643511254)
(317.4600136885923, 411.73297787836464)
(319.4154936322377, 580.0334378944314)
(319.81185832826793, 477.1202459602964)
(320.5225119467881, 583.4715472436055)
(320.9779882921292, 392.88655760777334)
(321.4388162141488, 582.1818923884375)
(321.4556528662764, 586.3696388805927)
(323.7617088625326, 340.8823839013251)
(324.2823548918785, 376.789723241464)
(324.36228362343, 585.2861609562397)
(324.5318267370234, 490.1450084729976)
(324.5356060953884, 704.373453240175)
(324.75135171256795, 376.1569201683633)
(326.09848720646767, 622.1074853113385)
(328.68610618654725, 379.46486412815665)
(329.2272060711688, 378.5226786436163)
(329.6744729745572, 333.7004975577257)
(330.64286748097555, 623.2030116012376)
(332.05448218290644, 619.2868306603956)
(332.63715192679877, 402.4327265808278)
(333.54033890889696, 623.9015130319664)
(333.636526629087, 565.0141927291661)
(338.7885980635191, 600.6046674405004)
(340.6316606632072, 320.39144697927725)
(342.00042818899703, 431.8579324897075)
(346.9596325752466, 716.7199932557431)
(347.40659072062414, 576.6961472572616)
(348.1646878169522, 432.63835143575926)
(348.29902828118685, 574.2202967572729)
(349.4925041922986, 392.1040987909699)
(350.26516350662155, 675.844443927462)
(350.4408680274275, 575.5650877065445)
(350.66979385295406, 341.1859585053181)
(350.7523627318466, 521.854552463846)
(351.52000328156873, 339.7055387062631)
(351.77500750891886, 339.6947275052885)
(352.0070825517273, 390.5632147136829)
(352.2029947356249, 290.2386891807834)
(353.19493650463846, 441.0382571229719)
(353.84379462653595, 686.9587362105315)
(354.01159743504616, 335.3670719804498)
(354.9355225593944, 335.430341163432)
(355.7972595184279, 438.2255449626797)
(356.05627141646164, 552.6997163338137)
(357.2801271118542, 300.1695352702933)
(358.03987612599553, 530.6676341873199)
(358.40866373283984, 701.1360257330766)
(359.08778926882064, 703.2452120255067)
(359.3283683038533, 297.6816573224312)
(359.60479034977095, 704.8508821635571)
(359.62423262856186, 434.0891738254508)
(360.1086385617708, 673.7155641416921)
(360.77521803643344, 526.8177700090142)
(361.212746404802, 470.5332179305855)
(361.22878844521233, 700.8664914791866)
(362.189155584284, 535.6855239642068)
(362.2807218640888, 320.96853073450023)
(362.6469547005719, 246.6603941810377)
(363.27705232820006, 583.6245069516867)
(364.1468222753028, 700.5875995323984)
(364.65695713504454, 428.64957030821813)
(364.66990798761225, 660.0985340008048)
(364.6873114211749, 528.7549994646365)
(365.2607467471008, 315.7795882339733)
(365.58842769743575, 321.0567019159556)
(366.4944336591935, 569.5809481916227)
(366.9910904170678, 319.1641319872252)
(367.3300708744109, 678.9452868500996)
(367.99141224050334, 321.12075658008115)
(368.7141531299251, 632.3809614644235)
(369.5327957334607, 308.3409199610929)
(370.8793645073918, 550.4411485563469)
(371.6411193608316, 547.1161621949249)
(372.1257339640098, 743.7376582311093)
(372.5795485719678, 636.4854113839829)
(372.6214571617718, 311.56725025677883)
(373.4363073421282, 435.83783553688573)
(373.5628663293725, 633.5498541321374)
(373.99765882060274, 549.9660197142575)
(374.71054734810446, 533.7184054901761)
(376.04624804520193, 336.87597600812836)
(376.9418404324152, 338.627750336092)
(378.1310333034781, 461.4877004790498)
(379.0435319321462, 681.0737251731243)
(380.7723559659556, 612.0269339718891)
(380.84678922637727, 411.15084422575916)
(381.7457049932745, 670.3796196572574)
(382.12806255388716, 321.49758729682327)
(383.58892065581455, 458.5695908861726)
(383.66887258403267, 219.11282702433357)
(383.6756843529432, 494.5864483588767)
(383.9807857151299, 681.970867367938)
(384.1401883705428, 370.87268054347805)
(384.16733450676236, 407.5618439212427)
(384.61990594503555, 466.80905588598375)
(384.627841406567, 562.8215251244801)
(385.5928944224882, 597.6358925030329)
(385.7199347572891, 265.62537584273184)
(388.5452514765904, 361.32396557218226)
(389.18230897245485, 470.5505637502439)
(389.3328577287469, 367.6907150649831)
(389.7844333358629, 669.1402302251818)
(389.79947976505264, 654.7703051962769)
(390.244509384596, 465.9141615435266)
(390.7296153791092, 463.7967207312802)
(391.2116500533704, 366.53942814378377)
(391.38856846274666, 270.284745113914)
(392.1520204878601, 390.4798981340135)
(392.1882670432359, 337.98136033719834)
(393.0191511288781, 465.4727062078776)
(393.0742430458518, 397.9348414985011)
(393.0910751982701, 453.48917670146596)
(393.3917527978831, 452.1767480200029)
(393.4338689023437, 574.2277629105953)
(393.6142766073882, 573.689181009837)
(393.78569640261077, 573.8964858314694)
(394.24267945137905, 452.87346091232337)
(394.5475462251517, 396.3424266651943)
(394.971613044773, 413.2725555468737)
(395.01095209337683, 445.1090994850064)
(395.83551111807583, 420.25602299012087)
(396.33545364214535, 661.7104948499127)
(396.4051014733462, 661.7844500349528)
(396.466995840011, 438.7536091624567)
(396.49336483404556, 476.54617019662555)
(396.62826420151686, 661.5365088995587)
(397.5428517333117, 434.0576020993883)
(397.68535520661266, 337.74830488738417)
(398.150137647493, 438.9667013802948)
(398.30977157424843, 338.40055295366943)
(398.3442142586419, 820.1229468261413)
(398.73953857836193, 276.3269214212488)
(399.0561551885639, 557.4432157434358)
(399.1114577994661, 446.7376968151787)
(399.1963143080678, 667.6891318280503)
(399.52135474451757, 450.0511686926063)
(399.6333936955363, 546.0599493425052)
(400.10992093310574, 422.8525929818254)
(400.4804556284357, 470.93452875377665)
(400.5047557867865, 458.0006587708565)
(400.6663896395463, 666.3092765716492)
(400.9805365839487, 461.8467140055918)
(401.2667639537684, 464.1604817755097)
(401.5126354373874, 416.729879651357)
(401.61473016952783, 667.316267000018)
(401.86388561401026, 468.9874165758315)
(402.0032138074052, 414.5885524485806)
(402.2127469970987, 388.05751994604657)
(402.266490469231, 472.2419416011943)
(402.4088178516675, 547.434311582444)
(402.90252550727706, 448.2433946948999)
(403.04321740375667, 545.5404006958776)
(403.25437310190955, 417.65049285978114)
(403.5108627797308, 482.30103744386696)
(404.73781696651577, 821.365998357033)
(404.9610215860697, 740.1298096114197)
(405.2320075996361, 461.8711889390283)
(405.7651806599521, 651.3850940137669)
(405.8066441029182, 463.4381707531303)
(406.26540506043045, 395.9844992914716)
(406.29917664360835, 462.74495453112263)
(406.91311401649654, 461.88086675818795)
(406.9279417757979, 463.25976831917154)
(407.1201205949251, 427.1110695588099)
(409.0979170849166, 527.4649439852346)
(411.1805825016823, 544.3005251522972)
(412.1659545159227, 552.2659479186958)
(412.200301026547, 552.5435937963134)
(412.5005920606375, 552.4316570786834)
(412.645040977219, 556.1387250533548)
(412.6635582195159, 353.3941214577973)
(412.718166376933, 440.8110697737871)
(413.2144054906421, 643.108760069172)
(413.3116976235361, 232.11128646413846)
(413.3401590973509, 232.06172816952576)
(413.34923683072924, 232.06568979997564)
(413.4506764419734, 442.60372893366406)
(413.5874113195566, 452.4871094350681)
(414.2175378403318, 615.6083675502489)
(415.1753793963048, 553.7561849732348)
(415.2914817053148, 461.92909947357833)
(415.37418267204464, 356.2255647850781)
(416.0213941596893, 441.22927109890594)
(416.0645598006282, 449.0006402791536)
(416.57149428680617, 350.9994152285944)
(417.71057930770206, 597.0868682506216)
(418.12202422989344, 648.7650696685247)
(418.2450827419661, 454.33699620198354)
(418.5459968568445, 603.8401085184794)
(419.13123832388413, 339.82637973878855)
(419.25671984540713, 549.9132376713026)
(419.71828776294905, 648.426613549504)
(419.8223413919659, 336.8097815965756)
(420.0794555369508, 616.2360833435464)
(420.48890707062094, 619.5459546620935)
(420.9776689347826, 461.0244069318761)
(421.1268924903095, 441.8756467979732)
(421.361620177497, 461.9640441396736)
(421.4893924155416, 646.7642034592275)
(421.69053552489424, 217.5217075853745)
(421.9057328106963, 688.8621619561915)
(422.17254969732596, 633.1559670385599)
(422.55862102206333, 427.85395000260144)
(422.8684602750769, 220.50324970235732)
(422.8970105095999, 645.4429723736488)
(423.08027375301515, 322.58922150692547)
(423.47746588625637, 645.5829043526708)
(423.60976702545656, 644.7739584776398)
(423.6483484545173, 437.15144994661597)
(423.69392754290425, 645.4542843769161)
(423.71698150901574, 645.6406450446297)
(423.9506115068735, 647.5292329859916)
(424.23167993065357, 437.5058055352697)
(424.9859903353316, 810.0924825659272)
(424.9950210372393, 436.4314390837272)
(425.9345457046037, 663.5667035019562)
(426.12835292249736, 434.83632813597444)
(426.52550344295395, 435.613152611044)
(427.0968258338351, 238.06530059898978)
(427.26689148873845, 694.5548802394228)
(427.9276196124919, 541.7488095181519)
(427.9944297362838, 646.6718212894834)
(428.8644776781583, 235.68026200189306)
(428.96229570076594, 440.37950634602646)
(429.22835166399784, 690.1927458472762)
(429.3914280073251, 625.1355556592712)
(429.41410821588886, 481.67075825973933)
(429.6430220284866, 617.2601853589074)
(429.73874923811036, 694.3186317035775)
(430.14618995565286, 697.6122482469427)
(430.3223834193897, 443.0398312698206)
(430.3713077114047, 239.49432330467332)
(431.04845363472816, 459.422109392338)
(431.2179492819221, 200.93218095230213)
(431.8512777209895, 432.7656784865402)
(432.91656521833204, 621.2190122038215)
(433.22936389309564, 340.79180092156406)
(434.5218656487017, 206.3485445046549)
(434.99760321409394, 736.829474897919)
(435.5028407978575, 496.5716077579708)
(435.8787477732838, 617.9279298983673)
(436.48555788975204, 748.8576103407477)
(437.68517667713087, 462.05801583965723)
(438.1223971213301, 458.29661991151573)
(438.3878932558856, 322.9972659234603)
(438.46362931528586, 630.8316933980215)
(439.81578780258644, 629.562518304584)
(439.95864842278695, 145.34951062522006)
(440.0523730324804, 462.07164335187935)
(440.59626591530537, 447.44677861300397)
(440.6467639511449, 463.2342690809023)
(441.20719036122625, 335.90314603832815)
(441.7821352872367, 218.25086147787323)
(442.13267903642037, 335.3360248118335)
(442.29085539194705, 335.85720279825694)
(442.8560570952789, 514.56700629137)
(443.24779609516924, 633.835514854172)
(443.31573580946537, 633.7951455594855)
(443.45852221311026, 633.9678228742652)
(444.0126043948419, 341.5302231145174)
(444.28391426681037, 692.9284732518901)
(446.7291283652262, 524.0455063424838)
(448.5039637948231, 441.56762556937935)
(450.08954835308066, 641.9869882769622)
(450.3065967055092, 520.676999726217)
(450.3070331679134, 538.3388989128001)
(450.53861472933033, 619.4977625866117)
(452.2705661691325, 537.6069708358252)
(452.4370301097614, 538.0143551465666)
(454.23652052097464, 455.7328057655134)
(454.6803011439519, 641.0136099213173)
(455.2898772043808, 159.0171450817902)
(456.0933234590744, 323.4692270886438)
(458.23482093276164, 513.2118670613017)
(458.40175403668854, 325.36665617947335)
(460.42901187864067, 654.4909154876892)
(461.2728673027652, 323.6072945357226)
(462.7473006535629, 508.9629635492481)
(463.14804706652023, 322.45822132064995)
(463.178017680809, 577.5266105962594)
(463.1847702741151, 657.8235644498119)
(463.5810116562269, 253.98743175986547)
(463.61014096353864, 508.15052217549584)
(463.62680377438573, 323.6700417600015)
(463.83634193131513, 406.84779588473026)
(464.0708651344909, 733.6349870317946)
(464.80630892768653, 621.0255999677836)
(464.906899021469, 462.21472626763517)
(464.94576773388366, 510.76300160412484)
(465.1133939806839, 532.8196684287906)
(465.7857673509573, 168.37412434701065)
(466.13862644976217, 414.4336326269046)
(466.573553490261, 184.80055876081462)
(466.9984302209739, 583.352938534739)
(467.1321199700187, 332.5426355899563)
(468.01081593373624, 334.7667751399916)
(468.46908175343737, 535.5715805497283)
(469.2009982833666, 579.0405232998188)
(469.41929425543265, 412.6795934581278)
(469.44796442652654, 580.6314254169796)
(469.6110783638626, 425.87507398845486)
(469.72520407899003, 580.3234030389976)
(469.7484055061087, 334.6931080079853)
(469.93571343754263, 656.7827222597646)
(469.95332269666034, 580.8816737700388)
(470.4292876363653, 453.1564791255996)
(470.5578473063308, 582.3611163478511)
(470.5701297602049, 579.384662800243)
(470.96011394357396, 522.5270333668382)
(471.42446852298144, 343.40735168446463)
(471.61368115902087, 343.8862833338161)
(472.0828293356249, 581.9361841258078)
(472.8515983862958, 343.5050796692135)
(473.59087632498614, 175.3322995768262)
(474.4440373926825, 529.3415705892115)
(474.46105515066097, 157.8367631746313)
(475.97618582073085, 595.6213220879824)
(476.17958606535456, 580.7946336636427)
(476.87887752672395, 420.4716678113598)
(476.96713995279924, 534.2767468532537)
(477.54721643738935, 452.0239914253562)
(477.85180908954675, 655.5622400048268)
(478.3038412896161, 527.9027871096222)
(478.3930672180326, 341.79864229246795)
(479.3165982132681, 457.8539577821853)
(479.5051422297518, 569.457569890867)
(480.13978546868947, 166.496056666904)
(480.66761853799744, 462.305457819057)
(482.14661738901634, 610.7221120964721)
(483.5094161939684, 525.9623529906511)
(484.17609629064617, 587.9246487803956)
(484.19639745328857, 473.9324919827937)
(484.24217816057535, 548.5066859966536)
(485.2807441594442, 533.010018076705)
(485.9409563096016, 660.6411503145031)
(486.4734695622397, 481.4352559245472)
(487.34290729851296, 623.4389021423824)
(487.697920885237, 485.46972158705466)
(487.8163948709597, 462.346612004104)
(488.2916842499802, 386.1013472716065)
(488.47870828441563, 583.8860926270271)
(488.70248244766117, 688.6831554540773)
(489.35718884300513, 558.5116218677829)
(489.40200100880634, 265.25601758433027)
(490.3482481695912, 482.9742012516005)
(491.04445301795045, 532.1318122240757)
(491.1838304523927, 576.6137405219614)
(491.34741844562916, 633.2390727220329)
(492.3659549498764, 555.1687837030582)
(493.19212232217575, 764.5572415627043)
(493.6696368931247, 399.71392507522967)
(493.77268562986285, 479.7497869047206)
(493.86552426193157, 303.6351564806315)
(494.23481418544316, 578.4832450219681)
(494.5409618185798, 401.91940718469255)
(496.1964016213525, 406.1096268853411)
(497.68563858875416, 574.8020288259479)
(497.8383950508998, 575.1008197185882)
(497.8629852784545, 769.5169729466271)
(498.31262642940845, 520.4442969182788)
(498.3556156644751, 574.615341480107)
(499.12860716201345, 652.281840723299)
(499.3398773669613, 300.28058075171964)
(500.68787081940087, 703.1775654804826)
(501.3817303468713, 530.5567400486116)
(501.57472642023197, 544.9375355342388)
(502.0003723652071, 583.241626984109)
(502.26133099064316, 767.0681189716079)
(503.18052493553023, 447.9456411914349)
(503.3085866586821, 201.82533594810707)
(503.46892043547643, 470.6199140480395)
(503.74274895004197, 542.528791152919)
(503.99608986924886, 597.7393110582623)
(504.358614109786, 665.0811458913814)
(504.37226331473295, 587.8810340775942)
(504.69434630414804, 541.4715351749643)
(505.4359802171097, 543.9151574732118)
(505.8806050965976, 323.3324002019946)
(506.29915831998056, 324.8075286180633)
(506.5317269459656, 333.13363628967863)
(506.6199979701439, 566.8581530413911)
(506.788370213025, 324.8205691944522)
(506.9377540730575, 548.8633779053978)
(506.99697561390997, 779.2158527791663)
(508.15032102368764, 595.27089647326)
(508.2740738733349, 674.6633825666796)
(508.4904653058138, 332.5304632952972)
(508.63629286172625, 333.04441076853294)
(508.9228674668727, 841.6217747068855)
(510.7495516759922, 390.5819917911771)
(510.92300074179127, 395.160810762077)
(511.0167724887862, 331.7525134171936)
(511.11782431908836, 562.6363630439159)
(511.2483031987064, 601.3305344516194)
(511.5842596425059, 570.9292147112527)
(511.7249383558999, 332.91346404845723)
(512.1069372154645, 462.4864481701802)
(512.1602128118328, 446.51694102370146)
(513.0518524949787, 686.3559572065668)
(513.188069200117, 590.0969403543519)
(513.4748050340772, 570.402419222072)
(514.2010035038711, 800.0761772760953)
(514.3141238693179, 573.1679052459547)
(514.7333715358953, 460.0134251986166)
(514.9947442465366, 591.2039889081486)
(515.5726106651873, 492.99255809832357)
(515.6798578267238, 788.4357258126727)
(515.74196518328, 391.5780449691805)
(515.7669406111556, 590.7451553242556)
(516.6062609604433, 528.2370059647777)
(516.7442583413529, 458.1199953022637)
(517.1285445090562, 462.51535663593273)
(517.3462099372283, 775.3194299317627)
(517.509996082541, 583.6980394079632)
(517.530357836712, 556.6173734780934)
(517.8463192331908, 771.382938083919)
(517.9444918445768, 585.1296669455508)
(518.0467927359493, 582.5068025125391)
(518.2840609791657, 576.4235472459811)
(518.3472797801775, 392.09784003025675)
(518.4838263207618, 462.5231587430168)
(518.5743288003424, 568.9814503688428)
(519.0142052440292, 557.703579144199)
(519.0556979813756, 588.790999101988)
(519.114568731454, 555.130387278441)
(519.115159002451, 555.115253482602)
(519.123455214077, 555.1220461686382)
(519.4308722534676, 464.9203045153947)
(519.6225218561754, 757.4019799174841)
(519.969366298345, 591.8014605082536)
(520.112390786588, 577.9229128898797)
(520.1847714162471, 527.6917548247338)
(520.3246374793968, 524.1057672785977)
(520.7096857090639, 217.33823868743107)
(520.7142124471155, 627.0124247281414)
(520.7943082359293, 512.0640078568823)
(520.8830884362608, 594.8120992500781)
(521.0744624802402, 376.88088465793277)
(521.4000887267305, 496.5325683726575)
(521.4471588026294, 495.32575163550104)
(521.4683742440349, 706.9535647041731)
(522.0281612312608, 480.4295900761517)
(522.3453463018269, 472.2973692410402)
(522.5077207518436, 468.1342953512161)
(522.7256222795921, 462.5475779789378)
(523.0899289745914, 383.9840957464098)
(523.1329396420604, 452.104480087683)
(523.4207515615813, 444.7253493980068)
(523.4711710836121, 727.1082492643537)
(523.583208829075, 772.9712383436499)
(523.5892333917278, 385.7438197022628)
(523.723601640244, 796.9769330819895)
(524.0198094719045, 626.311538241112)
(524.4037863488501, 419.52159070785603)
(524.5903408745659, 627.4274948735587)
(524.6538730156028, 389.49598328460803)
(524.9154400425557, 608.0983637092727)
(524.9410356265928, 567.2073842967146)
(524.9494098814082, 715.4726427605968)
(525.0676851395901, 685.2075404459451)
(525.4183832513598, 393.50861962096593)
(525.4635854112496, 392.34969386890947)
(525.5899528871656, 389.109792890306)
(525.7849078206075, 384.111396941804)
(525.8148639873848, 393.5877228235669)
(525.8473756450501, 382.5098015623299)
(525.911840756898, 380.8569982800994)
(525.9287431740829, 707.7640527502552)
(526.4898490553261, 482.78786068507634)
(526.8168105002275, 357.6547277926667)
(527.1047627164635, 381.83752801797385)
(527.3512571864677, 561.8587204590408)
(527.3530377734044, 583.8607788523326)
(527.808401961412, 332.2315868920884)
(527.9304750520498, 382.5162274865181)
(528.0314459785789, 326.5130226471979)
(528.0753257770868, 325.3880005551097)
(528.5191119985275, 687.3745782040774)
(528.5886246716427, 282.35752465232184)
(528.840229430713, 684.8469784089849)
(529.7341659847315, 282.8574524601121)
(529.7821918620418, 281.6261301933017)
(530.0547454971697, 625.0319493866705)
(530.5492294291324, 671.3949897815885)
(530.9897674024852, 628.1127690973743)
(531.2338460009487, 244.4075687625134)
(531.3687600207411, 240.9485452947739)
(531.3972731640553, 325.4765513636153)
(531.6131394300311, 565.3482201620329)
(531.9005254192152, 227.3147584171507)
(532.4893051451439, 386.26338667019456)
(532.5047868485557, 443.28004718739794)
(533.29496096347, 378.5278816804275)
(533.3036315555469, 500.0347854119906)
(533.6537038880781, 646.9588545244771)
(533.8372205819531, 645.5143463435363)
(534.508357247025, 646.8270863770756)
(534.5554120094416, 639.8612726607957)
(535.2419722341426, 504.9410787634107)
(535.840264538753, 506.45546557308256)
(535.9533631359662, 506.74173872500563)
(535.9801032977175, 628.6471526928832)
(536.1074811480561, 439.8877880728718)
(536.3982287283275, 506.24747841114413)
(536.5729151663837, 646.5087784111745)
(536.6161406587389, 623.6407352821329)
(536.6786168018165, 252.71010572455032)
(536.7497035706067, 505.8569782941598)
(537.0144212742084, 506.0177860021686)
(537.5917779972024, 442.4706888658788)
(537.5978041241353, 375.32883767929184)
(537.7813060805859, 614.4694116904318)
(537.9197351149845, 747.2146944350267)
(538.3523098306937, 437.77408096197905)
(538.6430906935391, 536.8003513257738)
(538.8778208563731, 605.8384553959304)
(539.5945145878841, 442.152046376023)
(539.702567036233, 502.57624980364216)
(539.8267066651955, 657.2297518205382)
(540.0208314993379, 596.8415178977583)
(540.3190838181806, 594.4938954256243)
(541.7263984916868, 449.6655532625326)
(541.8995809308369, 382.38107039936114)
(542.8389782673504, 574.6591432291225)
(542.8527350939737, 574.5508596273335)
(542.8648728950934, 524.2360289464997)
(542.8710354253708, 503.8346699910893)
(542.9235858017347, 574.6088700343696)
(543.5375653166404, 525.9387360050844)
(543.6520311094508, 744.0231408940818)
(544.4109988254115, 524.0004485460595)
(544.5788232645182, 597.9871967719515)
(545.1975713513206, 674.9263059808973)
(545.3438653078103, 530.5108103237061)
(545.40972536976, 272.04988554814304)
(545.4186143261525, 462.67821734299906)
(546.3957622801623, 397.69388693051866)
(546.8264718617232, 493.53699010431365)
(547.3480733871816, 494.0818406303173)
(547.512231627185, 493.89945542314405)
(547.6624978388459, 683.0480345361677)
(548.2287268723397, 270.32245696637483)
(548.2834533666024, 685.094031553465)
(548.7506849472246, 682.9440307312782)
(549.1832848075867, 513.4099891954172)
(549.2168571488631, 462.7000831254349)
(549.390862735042, 675.9371943033038)
(550.0101487158964, 677.1485146521786)
(550.229455917392, 676.1393562752999)
(550.4001102128318, 620.7181170907324)
(551.8848890079878, 507.4147010729665)
(551.91148118454, 398.7943465249932)
(552.6558394207228, 488.18473788583003)
(552.7763918077648, 682.5592726068326)
(553.0517186117469, 500.0397106691588)
(553.7913849387226, 703.2422097470769)
(553.8048000088169, 522.5691321176582)
(554.5180191777772, 501.57136768258283)
(555.3322818905701, 294.0287736705724)
(555.4709306059793, 498.1061069476489)
(555.6435817963109, 499.07356574809967)
(555.7060828562747, 498.93486598505297)
(555.7356949973597, 499.0392295601844)
(555.9624653230032, 498.36591263601906)
(556.1115481264922, 405.67983846134183)
(556.3806129034306, 558.446828974939)
(556.615713012718, 498.711193365588)
(556.870115131115, 713.3863706557577)
(557.2697386871286, 504.44573776953183)
(557.9130253113426, 518.7130329390743)
(558.9030510455895, 510.20210359753355)
(558.9934101563017, 565.060294776863)
(559.4952106845677, 480.58597132458436)
(559.880552110462, 618.7079768445723)
(560.6018403861085, 516.1892332840762)
(562.005804697013, 484.9547842540155)
(562.027050675287, 521.2121744036028)
(562.0553771013928, 521.3120066680312)
(562.0675851257058, 415.44402681773505)
(562.1641173517608, 521.2954381135407)
(562.9135432400121, 733.2989655717348)
(563.5144916393355, 784.0265089391348)
(564.7682728663082, 512.2784991637626)
(564.8282653978792, 412.8445992679505)
(564.8754486959648, 315.16729730705265)
(567.1423998010304, 258.73253082645)
(567.1604128232897, 299.1907102152324)
(567.5655227991841, 494.62953381860166)
(567.6897167273072, 749.0360615025893)
(567.7985812007174, 617.0291153403878)
(567.8695588826422, 712.0814335663592)
(568.4655102554333, 470.61967328432735)
(569.9941321454855, 326.50540061089396)
(570.0226505885078, 680.9109563205111)
(570.1209757380583, 351.14876576764493)
(571.0784252870499, 506.35560745882094)
(571.7384419982917, 330.3691217220083)
(571.970091443703, 519.8013196475179)
(571.9752074145438, 462.8310987446927)
(572.2531000113191, 598.6229852243936)
(573.17381663148, 504.38881249334)
(574.2436636543114, 335.9182951012743)
(574.8088441989551, 632.8050776517446)
(574.8827330744721, 403.3774181023543)
(574.9298193898637, 436.530074143477)
(575.0253767462046, 605.6401226465516)
(575.2153340157055, 726.4497337895609)
(575.4576763163466, 462.8511466749859)
(575.4935226739449, 311.89757246419083)
(575.7112535145836, 508.8043360736424)
(575.7922739527286, 330.19725479873307)
(576.7429143892443, 326.68529813921043)
(577.5013739741371, 552.5615845847656)
(577.7803149708143, 553.89724964837)
(578.3556478827434, 345.02651646825365)
(578.6184975820333, 614.7349660155963)
(578.7818823669512, 304.2624572800315)
(579.2112325122475, 317.56657571070343)
(580.0468574998231, 444.91882725885904)
(580.2177031670943, 751.6487007726718)
(581.0616421377827, 310.1829283039891)
(581.1486940994455, 310.4089997625689)
(581.2208140229312, 518.391803846223)
(581.223369479001, 310.1331260605269)
(582.257361086999, 448.54267536297897)
(582.2595141721024, 551.2357413628292)
(582.3866478838024, 305.8356196809389)
(583.391904857074, 607.7431002298356)
(583.4508959726159, 721.8644442388082)
(584.5972650976998, 633.8532579073509)
(584.712921776533, 452.5682643739823)
(585.1448416060414, 631.2543315985696)
(585.3415683678666, 326.91450639363785)
(586.241151370655, 634.029291319849)
(586.8262478675698, 749.1606244807858)
(587.1778265428393, 329.7145510469633)
(587.5267991904037, 326.97275655041824)
(587.6788888612261, 308.1452163754549)
(588.0367294297839, 638.5742264753359)
(588.4396756104359, 406.082209217362)
(588.5600010024922, 329.6559521522681)
(588.8721896344703, 634.3110326127913)
(589.0162538982776, 537.6072694509743)
(589.0387564972114, 753.4882805363092)
(589.1929914399769, 612.4928536841089)
(589.3376212934721, 609.2375921166272)
(589.6946480994242, 278.83763070509184)
(589.9824923388655, 612.325455629422)
(590.1875061790515, 613.307132138626)
(590.5805337571522, 334.90321801772365)
(590.6092283849938, 434.0354245999866)
(590.8902041335683, 335.7074231423192)
(591.0240966043594, 516.8980954807696)
(591.0365668108072, 335.5986065698511)
(591.0400747797478, 462.94085166503885)
(591.8018575740124, 791.8580751406844)
(592.8462348062316, 435.87414615444465)
(593.1158432821389, 637.7911424146931)
(593.670739626557, 774.2117950184222)
(594.0046090926119, 540.6375388837338)
(594.1147904981824, 484.73300830059213)
(594.6940087262393, 764.5499262296097)
(594.7043999768739, 634.935567232899)
(594.8826618029717, 543.7351568834652)
(594.9619627204246, 433.3428891398688)
(595.2326033711613, 637.464786059214)
(595.5550878136294, 543.335606133799)
(595.7180041797488, 754.8811990930044)
(595.7522899973461, 639.9532236818166)
(595.8048896790147, 383.67733518187276)
(596.2963849079488, 610.9867195557144)
(596.7182911465907, 745.4363312397835)
(596.8078398019843, 439.13041239793125)
(597.0165642480174, 542.4672072382715)
(597.1393057719378, 546.0923847547094)
(597.6332341783834, 546.9518948139211)
(597.8928782170451, 546.8795456870663)
(598.2318647338409, 731.1449298803936)
(598.7829891222617, 772.5479518800812)
(599.1153633741242, 327.28166473238184)
(599.3834658307165, 391.6040347890653)
(599.6628092368161, 329.1852356765001)
(599.9708814729564, 328.9561925526534)
(600.0788874982698, 329.1675955544029)
(600.2025198932868, 712.537691975456)
(600.6126580429509, 478.63392174695935)
(600.7036990394778, 238.1668278664776)
(602.1156183883711, 327.3616404141993)
(602.4400363712241, 481.62968322359313)
(602.6351121903831, 231.0315966927722)
(602.7172994370366, 688.7927455170509)
(603.1961381988322, 432.0328026369522)
(603.4987694411496, 677.7114663552294)
(603.5332513359921, 236.4329339660544)
(603.6350217262934, 677.6984440027584)
(603.7935845368148, 678.4576970667513)
(603.8057130064481, 678.5157723348441)
(603.8079994111697, 678.4941837395999)
(603.8949051961804, 677.6736055632216)
(604.6969203739237, 636.0056032164633)
(605.754305446022, 374.3090697910175)
(606.1234465827772, 689.6138748064187)
(606.9198645456971, 649.1114606341974)
(607.6500809330412, 409.91494167119083)
(608.0162369934535, 380.18324142790857)
(608.2673868308789, 636.38794194936)
(608.3678202420426, 635.4396337858693)
(608.4197877432546, 690.167460105165)
(609.0740929007538, 628.7708955627446)
(609.7954461239242, 707.1966667197872)
(610.06779160737, 415.27027447398524)
(610.5774095625916, 614.5763417164314)
(611.2943693955579, 607.8066935025654)
(611.4340664133389, 797.2933971697091)
(611.8938345869728, 739.7228327977159)
(612.3499723351877, 368.0986591202444)
(612.8121352920687, 421.34911339911395)
(613.0625116813927, 319.22293026081826)
(613.558672311498, 411.09378457181276)
(613.6117327409213, 300.15946829578036)
(614.1045228535401, 300.0077187339589)
(614.1300287152485, 318.4292610900511)
(614.1825534617938, 704.7540699013049)
(614.2199108380943, 300.7016528809214)
(614.5801791012308, 371.49942194117097)
(614.6105322754005, 576.494958752329)
(615.4009067086874, 320.24343356906735)
(615.5886664503082, 734.9365905312405)
(615.7693885959743, 565.5528539648931)
(615.816338422295, 634.2912413631126)
(616.2460272218999, 738.0842591323363)
(616.6677315368307, 429.8894243896494)
(616.8334608756529, 316.419334603704)
(616.9690651184081, 530.6115732292883)
(617.1715295943005, 463.09128562420847)
(617.2966698258756, 743.1150958941662)
(617.4941547510615, 363.2549509850709)
(617.912845598452, 405.88445136722373)
(618.1131206339459, 324.1151064486122)
(618.350773723959, 541.1790070386836)
(618.7265841581582, 327.80442721291365)
(618.8211263672106, 328.3729965266438)
(618.8322717276264, 365.8740821374032)
(619.3373744052458, 531.8633672597598)
(619.6378984734639, 529.0257714446377)
(619.8982938035665, 637.633422417525)
(620.4480511007125, 412.46830766118615)
(620.5551307950109, 412.7463905695078)
(620.7350977815929, 327.8579667439572)
(620.7510178731208, 412.5287535789865)
(620.8484002700377, 760.1219981642503)
(621.030279242859, 328.27933691962266)
(621.1713962000365, 722.4441039801453)
(621.2740345815498, 459.2405556991133)
(621.3707192079646, 512.6642038213452)
(621.4945673826661, 371.0850626487882)
(621.873957636461, 765.0327182139075)
(623.6565004407402, 357.45255100470825)
(623.9344496246889, 359.12411525472527)
(625.0218645026274, 310.3314846580648)
(625.3471402651677, 367.6199242274672)
(625.5706824980464, 473.0074857212951)
(625.9125654960568, 734.4448671338517)
(626.0208486759748, 463.1422295197879)
(626.5508075782976, 428.316991962969)
(626.567872567647, 463.5918592619613)
(626.6151296209518, 463.1456506854309)
(627.0185053115688, 328.02545910675985)
(627.3456785788507, 453.5415349038684)
(627.5778232305947, 454.05574526066545)
(627.6639178412452, 453.2428263209778)
(628.0602238499919, 383.9361927743694)
(628.2350398486383, 523.9174112280591)
(628.6810622916006, 393.0013562129956)
(629.0037682794784, 352.41761976830327)
(629.4204872007783, 392.1167082034134)
(629.4942095085312, 435.9609227239074)
(629.6654139116283, 802.3408803891091)
(629.8687263662077, 394.8123828362536)
(630.3680852620116, 427.7096495539527)
(630.5373761231964, 537.7832424085511)
(630.6694461431592, 762.1701206015408)
(630.7239240353239, 695.5443797741735)
(630.933476726667, 401.21570668290553)
(631.1701751839563, 390.02338138618524)
(631.6947402927874, 463.1748930659193)
(631.7435897485648, 414.72191849511046)
(632.3022215241758, 409.44722885688117)
(632.7467962413989, 399.2010490247902)
(632.9524489877884, 696.0816164325615)
(633.2285660606824, 415.0181911040972)
(633.2983073665627, 400.04202868566347)
(633.3101153029577, 753.1694132547593)
(633.4728008004325, 398.39443406653237)
(633.6416087892962, 346.28195173006486)
(633.8117690902644, 395.1938418264852)
(633.8962734163746, 447.39295698710174)
(634.0101970784158, 693.7146912205264)
(634.1377928608547, 469.81400305042143)
(634.388195005802, 347.34770011361525)
(634.612188900177, 469.63716681666824)
(634.7321266477397, 396.9952816051333)
(634.8220901982122, 385.65423002486943)
(635.019033004716, 470.5383439516313)
(635.2107948761898, 426.939157290372)
(635.7987463175785, 536.3171754748146)
(636.1600571259461, 760.3831351626092)
(637.4224237775093, 763.5784151141737)
(637.7974453704485, 674.4333602539429)
(637.9307482956444, 356.3017882712868)
(637.9752415602658, 443.56431942443965)
(638.2892794672966, 352.9164802049363)
(639.3765008637754, 342.65076370824187)
(639.6055340475475, 354.79542755251646)
(639.6220760647228, 542.5850532271934)
(639.8637204141297, 338.05035960307686)
(639.9917198235262, 463.2226572447152)
(640.8701126270053, 622.1905963555542)
(640.8862871350393, 328.3951227858009)
(640.988162524788, 327.43319923229274)
(641.245247320967, 463.22987357100493)
(641.2656949437786, 324.8126942079937)
(641.3315815295612, 677.3316132476434)
(641.4764434123001, 467.07844200694774)
(641.8499453629062, 758.5312925424578)
(641.8613340180049, 466.93496988770954)
(642.1958494196307, 468.9467188646045)
(642.8422432562686, 673.9512022031961)
(643.638589513432, 477.62324285579973)
(644.0591180673438, 327.3030024983022)
(644.3188048606511, 295.9847471666934)
(644.6085766200447, 417.2886552126528)
(644.896982455243, 290.52550281219146)
(645.1558142730325, 417.3978364338369)
(645.4197223492422, 328.51596737084765)
(646.4059886479788, 329.39521374046353)
(646.4159005829852, 479.90607122792255)
(646.7994675478366, 496.63251154985375)
(646.83291556786, 420.68047040667204)
(647.0379886131639, 328.5591043532724)
(648.1175105371099, 327.13094222667235)
(648.578259209202, 661.1157067804816)
(648.9164086359979, 424.7585455645231)
(649.1851420584732, 368.4702738421719)
(649.259178561812, 511.4250176400765)
(649.4514727677449, 424.6734149647399)
(650.0264856004488, 332.62284993338864)
(650.2699936891308, 684.6617721985383)
(651.6404030639096, 463.289716562744)
(651.7016103338478, 641.0390389919119)
(651.8639951543989, 430.5279333009803)
(652.585400189542, 509.4486004226412)
(652.6189269002037, 531.6302764997159)
(652.7471917580144, 429.69893940533495)
(654.0963467021354, 375.48099583857584)
(654.1412293530367, 328.74845043171814)
(654.9917111062995, 646.7643114663006)
(655.8683753156565, 551.1722004096159)
(656.0882697329267, 767.4710695632205)
(656.2240859582096, 326.78725452782777)
(656.4446495698801, 286.96951948412936)
(656.8222596893744, 506.93108866289793)
(657.1734138374836, 338.99426373346205)
(657.2831597151982, 641.6367319106923)
(658.7962820268772, 574.0187999657489)
(659.3067479744157, 571.8502996684988)
(659.8667609381592, 423.01630570203014)
(659.9937559328048, 575.981910801173)
(662.0165949983898, 672.1186078615477)
(662.2244967965132, 420.80326658240665)
(663.2552788748525, 555.0766236327404)
(663.4383457717619, 627.8632586318084)
(665.8885530657461, 457.97856517144123)
(666.3807416491966, 675.6918385543486)
(666.6582443007084, 540.620553500966)
(666.7135918557551, 347.49923536110384)
(667.2517777177723, 619.3299336394297)
(667.349506191858, 421.825774411151)
(667.8482563083758, 535.5652870237384)
(668.149640364745, 329.1218627638434)
(669.1690426665853, 671.4350105591745)
(669.8656910476798, 499.1807745839822)
(670.2312612569585, 456.3597739144145)
(670.3464437234873, 673.4838663020865)
(671.4636166709073, 326.14115688856003)
(673.6865892792661, 353.71559161074595)
(675.0329676469546, 670.8745641939777)
(675.3517043337449, 503.6900378482109)
(675.3633977764823, 601.1785437219859)
(676.2668672975755, 683.7862978899773)
(676.2964946429395, 561.969691248238)
(676.475385234126, 407.4269702131242)
(677.477936640709, 494.65763243134234)
(678.4549486404026, 563.1105641249726)
(678.5606708269663, 606.4200787050402)
(679.2180655244368, 631.8295868949342)
(679.7332064692523, 485.0770652707762)
(682.1978263005005, 474.6071625036259)
(682.9628521240181, 491.3985346890228)
(683.0553652213375, 583.9662113748944)
(684.0296604186842, 579.0989850003907)
(684.2286767827165, 578.1047712358)
(684.6331182517074, 580.4356699737448)
(684.6355095126465, 419.0755100162129)
(684.897991517388, 579.8429624887692)
(685.0468883160473, 325.56527827990016)
(686.3905187716858, 567.3049906612098)
(687.9860378707215, 587.8625306860274)
(688.0574863582117, 449.714856487521)
(689.6836720833426, 426.281738822311)
(689.7156336943049, 569.0625140699552)
(691.2436283971047, 709.8481251739896)
(692.1846393212368, 645.3741112278392)
(692.595262265626, 430.43802038996876)
(693.3991532620886, 427.0230269448793)
(695.6837942467811, 417.3176887566921)
(695.7657904199289, 520.4695248201167)
(696.3427337122461, 517.5873248291834)
(696.7479132768003, 636.2358204452295)
(699.2989709720196, 523.3736448866682)
(699.5781565649202, 324.94920825201274)
(699.6263911677279, 501.18335997778763)
(702.1456553156265, 655.779113014029)
(702.3635005891115, 444.3821355815335)
(702.7886232059332, 705.5015058840079)
(704.1203249126168, 381.47862966795225)
(705.0782442825573, 534.6855668117074)
(707.0294491101986, 737.3178384335524)
(707.2228011783916, 529.8866871631675)
(707.669972265337, 638.981146213795)
(709.0779203863245, 453.966938899831)
(710.9035283340447, 647.3785989867)
(711.4984121460695, 639.9434477971329)
(711.772842235398, 519.7050503546958)
(712.0210651531086, 650.2808101933927)
(713.1127859214155, 667.2350742941719)
(713.6621539567923, 431.0657662348806)
(715.0558119326304, 647.8232408476026)
(715.332859186469, 648.4369123932345)
(716.2125814846809, 647.947112002847)
(717.0961204574356, 413.91091176509326)
(717.6073085051071, 324.184841374439)
(718.3565561526175, 666.7338994026372)
(721.957124227677, 541.9976570396324)
(722.2078030499, 676.7354776185525)
(723.376584444195, 666.2541087131897)
(723.7489481888852, 298.0946632849999)
(724.2480815093129, 278.66496818589354)
(724.6503170348276, 643.2492588566342)
(728.0923336245378, 358.97780843835363)
(728.6590050313287, 481.9188469945852)
(729.4171379242478, 274.0157385589292)
(729.4232318330294, 695.4737401243283)
(729.920149290043, 271.8789059229682)
(731.5785221038575, 549.9060257823386)
(733.3744829579775, 688.3998825803353)
(733.6529390493022, 783.6467337053324)
(735.206359377155, 323.43870913217063)
(735.530051843491, 693.174560081595)
(737.1465655618756, 597.4537259014131)
(737.3055003927677, 692.5061146608352)
(741.2475461818769, 726.1811468327934)
(745.0075111594521, 274.4757001948075)
(746.3767311948973, 631.1527072983156)
(748.543099044422, 256.8131820483897)
(748.6193381885486, 192.44325134058084)
(749.254651995022, 723.5751378583948)
(750.4421045915941, 247.32643726128885)
(751.5413353601757, 650.0084794055279)
(752.0271777079372, 651.7822712192375)
(755.1590161268349, 663.2164934003611)
(756.3072988962742, 218.02604812966348)
(756.3838252031721, 159.45908759686017)
(760.7625249696497, 683.6746896840582)
(761.2328189977131, 234.4164258417949)
(762.2622364721551, 406.7248226253591)
(762.8216618809772, 719.1595911747836)
(763.8311096008515, 243.06261213568115)
(766.1965556030088, 250.93397447601257)
(769.8548839804297, 716.8705443783714)
(773.5518588591979, 730.368058141149)
(779.0376246826986, 369.18649979685034)
(782.5484038425286, 208.9144587427757)
(785.7027456890293, 402.9953545290029)
(788.7428765560326, 220.65610005865634)
(790.6089332584912, 659.8283570804946)
(792.6076731121267, 338.82077279553977)
(802.8950809377695, 658.6541048804454)
(806.2420948039633, 663.7578470493711)
(807.7116050223381, 665.9986508132691)
(820.3775936842329, 431.22918405748055)
